               |                        |                         |             |
            - 91 (56,63) - 84 (57,63) - 62 (58,63) - 46 (59,63) - 20 (60,63) - 27 (61,63) - 30 (62,63) - 
               |                                                  |             |           |
                           87 (57,62)   71 (58,62)   77 (59,62) - 19 (60,62)   28 (61,62)   31 (62,62) - 33 (63,62)  - 38 (64,62)  - 
                           |            |                         |                                                     |
              161 (56,61)- 74 (57,61)   47 (58,61) - 43 (59,60) - 10 (60,61)   23 (61,61) - 26 (62,61) -*55*(63,61)*   59 (64,61)  - 92 (65,61)  - 128 (66,61)
                           |                                       |            |                                       |                           |
- 188 (55,60)-139 (56,60)- 65 (57,60)-  58 (58,60)  **1*(59,60)* -*0*(60,60)* - 4 (61,60)  - 13 (62,60) - 15 (63,60)   104 (64,60) - 107 (65,60) - 121 (66,60) - 143 (67,60) - 212 (68,60)
                                        |                          |                                                    |
              162 (56,59)- 67 (57,59)-  16 (58,59) -  8 (59,59)    2 (60,59)  - 3 (61,59) -
                                                      |            |            |
              171 (56,58) - 61 (57,58)- 56 (58,58) -  7 (59,58) -  6 (60,58)    9 (61,58) - 
                                                                                |
- 292 (55,57)-148 (56,57) -136 (57,57)- 49 (58,57) -  29 (59,57)-  21 (60,57) - 12 (61,57)-
                                         |             |           |             |